100 100 23 0.5
0	1	1	4	3	9	7	9	15	14	10	13	7	6	0	0	0	0	1	0	0	0	0
0	0	0	2	7	8	10	11	15	16	11	7	5	4	3	1	0	0	0	0	0	0	0
0	0	0	2	1	5	11	17	13	12	13	11	7	5	2	1	0	0	0	0	0	0	0
0	0	0	2	5	4	7	17	15	12	14	3	8	3	5	3	1	0	0	1	0	0	0
0	0	1	3	3	8	17	7	8	16	15	7	7	4	2	1	0	1	0	0	0	0	0
0	1	1	2	3	8	10	15	17	12	12	10	1	3	3	1	0	0	1	0	0	0	0
0	0	2	2	6	10	8	13	9	11	12	13	4	7	3	0	0	0	0	0	0	0	0
0	1	0	3	5	5	9	12	8	20	6	11	6	7	3	1	1	0	2	0	0	0	0
0	0	1	1	4	7	10	10	14	15	18	6	7	2	1	2	2	0	0	0	0	0	0
0	0	2	0	4	6	10	17	9	17	11	12	3	4	1	3	1	0	0	0	0	0	0
0	0	0	3	7	9	7	11	13	12	9	12	4	7	1	4	1	0	0	0	0	0	0
0	0	2	2	4	11	11	9	13	12	11	7	11	5	1	1	0	0	0	0	0	0	0
0	0	1	0	6	6	11	17	10	18	10	7	2	6	3	3	0	0	0	0	0	0	0
0	0	0	1	4	7	11	15	10	12	15	6	4	8	2	4	1	0	0	0	0	0	0
0	0	1	0	4	8	11	10	13	16	11	11	7	2	2	1	3	0	0	0	0	0	0
0	0	0	2	3	6	8	12	10	14	15	18	6	2	1	1	1	0	1	0	0	0	0
0	0	1	0	2	10	6	11	11	15	11	9	11	5	1	4	1	2	0	0	0	0	0
0	0	0	2	2	9	11	11	16	13	13	9	7	2	2	2	1	0	0	0	0	0	0
0	0	1	2	4	10	7	10	12	10	16	10	8	4	5	0	0	1	0	0	0	0	0
0	0	1	0	8	8	9	14	10	12	7	12	4	6	0	2	6	0	1	0	0	0	0
0	0	0	0	1	6	11	14	17	15	11	8	10	3	3	1	0	0	0	0	0	0	0
0	0	0	2	2	8	6	17	11	10	17	7	5	9	0	3	2	0	0	1	0	0	0
0	0	0	1	6	9	7	14	18	14	9	4	6	7	2	3	0	0	0	0	0	0	0
0	0	0	2	2	6	6	10	20	13	19	11	3	2	4	1	0	1	0	0	0	0	0
0	0	2	2	5	7	5	15	10	13	9	11	11	3	5	2	0	0	0	0	0	0	0
0	0	0	2	3	6	8	11	14	12	17	5	15	4	2	1	0	0	0	0	0	0	0
0	1	0	3	5	8	12	12	12	9	9	10	4	6	4	4	0	0	1	0	0	0	0
0	1	0	0	4	3	9	12	13	13	10	13	9	2	3	5	1	2	0	0	0	0	0
0	0	0	0	2	7	5	11	17	9	14	9	11	4	5	4	0	1	1	0	0	0	0
0	0	0	0	8	3	11	19	10	12	16	7	5	4	3	1	1	0	0	0	0	0	0
0	1	2	2	3	7	7	13	14	8	14	4	11	8	3	1	1	0	1	0	0	0	0
0	0	0	0	4	10	15	10	12	17	6	7	6	4	5	1	1	1	1	0	0	0	0
0	0	0	3	6	9	9	9	13	10	11	5	5	7	5	5	0	1	0	2	0	0	0
0	0	0	4	3	6	6	11	15	16	14	10	9	2	0	2	1	0	1	0	0	0	0
0	0	1	0	0	11	8	13	14	12	12	9	1	13	4	1	1	0	0	0	0	0	0
0	1	0	2	3	7	12	13	16	12	3	12	4	7	4	3	0	1	0	0	0	0	0
0	0	0	2	4	6	3	17	12	13	10	10	11	7	1	3	0	0	1	0	0	0	0
0	0	3	2	2	4	8	9	12	14	10	17	6	2	3	5	2	0	0	1	0	0	0
0	0	0	5	6	6	14	11	13	11	9	6	6	4	4	5	0	0	0	0	0	0	0
0	0	0	2	4	6	7	14	14	12	12	12	7	4	2	2	1	0	1	0	0	0	0
0	0	0	1	1	7	11	12	14	11	13	10	9	5	4	2	0	0	0	0	0	0	0
0	0	1	1	1	7	11	14	15	15	14	6	7	5	1	1	0	0	0	1	0	0	0
0	0	0	0	4	7	6	11	16	18	15	7	7	4	1	1	2	1	0	0	0	0	0
0	0	1	1	2	4	11	8	19	14	13	10	7	3	4	2	0	0	1	0	0	0	0
0	0	1	2	2	9	6	6	20	12	11	7	7	11	1	3	0	2	0	0	0	0	0
0	0	1	0	6	5	7	15	18	9	10	11	7	3	4	2	0	0	2	0	0	0	0
0	0	0	0	8	6	10	11	15	13	11	10	5	6	3	0	1	1	0	0	0	0	0
0	0	1	0	5	8	4	15	15	13	11	14	6	3	3	2	0	0	0	0	0	0	0
0	1	1	1	4	6	13	13	10	11	15	9	7	5	1	1	1	1	0	0	0	0	0
0	1	1	0	4	8	5	18	18	16	5	9	6	2	4	1	0	2	0	0	0	0	0
0	0	0	3	8	10	11	14	13	9	8	8	9	4	2	1	0	0	0	0	0	0	0
0	0	0	4	2	10	5	10	14	18	13	7	8	2	4	2	0	1	0	0	0	0	0
0	1	0	1	9	7	13	18	14	11	7	12	3	1	3	0	0	0	0	0	0	0	0
0	0	0	1	5	6	11	10	24	12	8	9	3	8	2	0	0	1	0	0	0	0	0
0	2	1	1	2	9	10	13	17	11	10	10	5	4	4	0	0	1	0	0	0	0	0
0	0	0	2	2	8	6	14	16	7	17	13	6	4	4	0	1	0	0	0	0	0	0
0	1	1	2	4	9	19	9	14	12	11	3	3	4	4	3	0	0	0	0	1	0	0
0	0	0	5	6	5	8	12	10	10	15	11	7	3	3	2	1	1	1	0	0	0	0
0	0	0	1	6	1	8	20	13	12	17	9	3	4	5	1	0	0	0	0	0	0	0
0	0	0	2	3	4	12	8	16	14	11	10	10	3	3	2	1	0	1	0	0	0	0
0	0	2	3	2	3	12	18	9	6	11	10	10	5	5	3	1	0	0	0	0	0	0
0	0	0	2	1	8	11	14	13	15	11	10	6	5	2	1	1	0	0	0	0	0	0
0	1	0	1	1	4	12	6	15	15	17	14	7	5	1	1	0	0	0	0	0	0	0
0	0	1	1	3	6	5	17	14	16	9	6	11	2	2	3	2	2	0	0	0	0	0
0	0	1	0	2	12	10	10	12	10	16	10	6	4	4	3	0	0	0	0	0	0	0
0	0	0	1	3	8	11	13	15	16	8	10	7	4	3	1	0	0	0	0	0	0	0
0	0	1	2	5	5	13	9	16	20	4	8	6	5	3	1	1	0	1	0	0	0	0
0	0	2	1	5	4	7	14	10	7	11	13	11	10	1	0	2	1	0	0	1	0	0
0	0	2	1	3	11	1	19	19	11	9	11	10	0	2	1	0	0	0	0	0	0	0
0	0	1	0	8	7	9	13	11	10	16	14	8	2	0	1	0	0	0	0	0	0	0
0	0	1	1	0	5	9	13	10	18	12	14	4	7	1	3	1	1	0	0	0	0	0
0	0	0	0	1	8	15	16	16	18	7	3	6	6	0	2	2	0	0	0	0	0	0
0	1	0	0	2	15	10	9	17	11	8	8	5	7	2	5	0	0	0	0	0	0	0
0	1	1	0	3	8	5	8	13	17	9	9	14	3	3	2	1	2	0	0	0	0	1
0	0	0	1	5	6	8	13	15	11	16	11	4	5	4	1	0	0	0	0	0	0	0
0	0	0	1	3	12	6	9	11	12	17	5	7	7	0	4	3	1	2	0	0	0	0
0	0	3	1	5	8	10	9	14	9	12	13	7	5	2	2	0	0	0	0	0	0	0
0	0	1	2	6	6	7	9	14	12	13	9	5	7	3	4	1	1	0	0	0	0	0
0	0	0	4	3	8	6	14	12	7	11	12	14	5	3	1	0	0	0	0	0	0	0
0	1	0	2	4	2	7	16	13	17	16	4	6	7	1	2	2	0	0	0	0	0	0
0	0	0	1	3	4	5	15	13	13	14	14	9	2	4	1	0	1	1	0	0	0	0
0	0	1	5	4	8	9	14	6	11	11	10	7	3	4	3	1	1	2	0	0	0	0
0	1	0	1	1	10	8	6	22	16	9	11	7	1	5	2	0	0	0	0	0	0	0
0	0	0	2	4	3	8	11	13	20	11	13	9	1	4	1	0	0	0	0	0	0	0
0	1	1	1	6	9	10	11	4	16	14	4	6	8	5	3	0	0	1	0	0	0	0
0	1	0	1	3	5	10	12	14	14	11	11	6	4	6	1	1	0	0	0	0	0	0
0	0	0	1	4	8	8	10	15	13	13	7	11	4	2	2	2	0	0	0	0	0	0
0	0	1	3	3	3	8	12	13	14	16	7	4	9	4	0	3	0	0	0	0	0	0
0	1	1	2	5	10	10	15	10	13	8	7	6	6	5	1	0	0	0	0	0	0	0
1	0	1	0	2	3	12	14	15	14	8	8	8	4	7	2	1	0	0	0	0	0	0
0	0	0	0	3	3	15	13	15	15	9	8	6	5	5	2	1	0	0	0	0	0	0
0	0	1	3	4	10	12	8	10	17	9	7	5	6	4	1	1	1	1	0	0	0	0
0	0	1	3	3	5	9	17	17	13	12	3	6	6	1	3	1	0	0	0	0	0	0
0	0	0	0	3	7	12	13	11	13	13	12	6	5	4	1	0	0	0	0	0	0	0
0	0	0	2	0	7	6	15	13	20	15	7	5	6	4	0	0	0	0	0	0	0	0
0	0	1	4	1	2	8	9	18	15	7	15	9	5	4	1	1	0	0	0	0	0	0
0	0	0	1	2	9	5	17	12	12	17	10	1	5	1	2	3	1	1	0	1	0	0
0	0	0	1	2	10	6	11	17	17	10	8	5	5	4	2	1	1	0	0	0	0	0
0	1	1	2	3	7	10	17	15	21	9	6	4	2	0	1	0	1	0	0	0	0	0
0	0	0	0	3	3	15	15	11	12	9	14	4	1	5	4	3	1	0	0	0	0	0
